
0.79

0.89

0.79

0.89

0.9900001
1.09
0.99

0.79

0.89

0.9900001
1.09
0.99

0.79

0.89

0.9900001
1.09
0.99
0.89
0.99
1.09

0.79

0.89
0.9900001
1.09

0.79

0.89

0.79

0.89
0.9900001
1.09

0.79

0.89

0.9900001
1.09

0.79

0.89

0.9900001

0.79

0.89

0.9900001
1.09

0.79

0.89

0.9900001
1.09
1.19

0.79

0.89

0.9900001
1.09

0.79

0.89
0.9900001

0.89

0.79

0.89
0.9900001

0.79

0.89

0.9900001
1.09
1.19
1.09
1.19
1.09

0.79

0.89

0.9900001
1.09

0.79

0.89
0.9900001
1.09

0.99

0.79

0.89

0.9900001
1.09
0.99

0.79

0.89

0.9900001
