
0.79
0.69
0.59
0.49
0.39
0.29
0.39
0.49
0.39
0.49
0.39
0.49
0.39
-0.4

0.79
0.69
0.59
0.49
0.39
0.29
0.19
0.09
-0.01000001
0.09
-0.01000001
0.09
-0.01000001
0.09
-0.01000001
-0.4

0.79
0.395
0.474
0.316
0.474
0.316
0.474
0.237
0.158
0.237
0.395
0.474
0.316
0.474
0.553

0.79
0

0.79
0.395
0.474
0.553
0.474
0.316
0.474
0.316
0.395
0.316
0.158
0.237
0.316
0.474
0.553
0.395
0.316

0.79
0.395
0.079


0.79
0.395
0.474
0.553
0.474
0.316
0.474
0.553
0.632
0.553
0.395
0.316
0.395
0.316
0.158
0.237
0.316
0.395

0.79

0.79
0.395
0.474
0.553
0.474
0.316
0.474
0.553
0.632
0.553
0.395
0.316
0.158
0.237
0.395
0.474
-0.4
-0.2
-0.04
-0.12
-0.2
-0.24










0.79
0.395
0.474
0.316






0.79
0.711






0.79
0.711
0.711
0.711
0.711
0.711
0.711
0.711
0.711
0.711
0.711
0.711
0.711
0.711
0.711
0.711
0.711
0.711
0.711
-0.4
-0.36
-0.36
-0.36
-0.36
-0.36
-0.36
-0.36
-0.36
-0.36
-0.36
-0.36
-0.36
-0.36
-0.36
-0.36
-0.36
-0.36
-0.36


0.79
0.711




0.79
0.711
0.711
0.711
0.711
0.711
0.711
0.711
0.711
0.711
0.158
0
0
0
0.158
0.711
0.158
0.079










0.79
0.711
0.711
0.711
0.711
0.711
0.711
