
0.79

0.89

0.9900001
1.09
0.99
0.89
0.79
0.6899999
0.5899999
0.4899999
0.5899999
0.4899999
0.3899999
0.4899999
0.5899999
0.4899999

-0.4
-0.5
-0.4
-0.3
-0.2
-0.1
-0.2
-0.1
-0.2
-0.3
-0.2
-0.1

0.79

0.89

0.9900001

0.79

0.89

0.9900001

0.79

0.89

0.9900001
1.09
0.99
0.89
0.79
0.6899999
0.5899999
0.4899999
0.3899999
0.2899999

0.79
0.89
0.79
0.69
0.59
0.49
0.39

0.79

0.79

0.79
0.89
0.79
0.69
0.59
0.49
0.59
0.69
0.79
0.89
0.9900001
1.09
1.19
1.29
1.39
1.29
1.19
1.09
0.99
0.89
0.79
0.89
0.99
0.89
-0.4
-0.5
-0.4
-0.5
-0.4
-0.5
-0.6
-0.7
-0.6
-0.5
-0.4
-0.4

0.79

0.79



0.79

0.79

0.79

0.89

0.79

0.89

0.79

0.89
0.9900001
1.09
1.19

0.79

0.89

0.79

0.89

0.79

0.89
0.9900001
0.89
0.79
0.69
0.59
0.49
0.39
0.49
0.39
0.49
0.59
0.49
-0.4

0.79

0.89
0.9900001
0.89
0.79
0.69
0.59
0.49
0.39
0.49
0.39
0.49
0.39
-0.4
-0.5

0.79

0.89
0.9900001
0.89
0.79
0.69
0.59
0.49
0.39
0.49
0.39
0.49
0.39
-0.4
-0.5

0.79

0.89
0.9900001
1.09
0.99
0.89
0.79
0.6899999
0.5899999
0.4899999
0.3899999
0.4899999
0.3899999
0.4899999
0.3899999
-0.4

0.79

0.79
